25-02-2026

1. Display the employee ID and salary after adding a 100 bonus to each employee’s salary.
SQL> SELECT EMPLOYEE_ID,SALARY+100 SALARY_BONUS FROM EMPLOYEES;

EMPLOYEE_ID SALARY_BONUS
----------- ------------
        198         2700
        199         2700
        200         4500
        201        13100
        202         6100
        203         6600
        204        10100
        205        12100
        206         8400
        100        24100
        101        17100
        102        17100
        103         9100
        104         6100
        105         4900
        106         4900
        107         4300
        108        12100
        109         9100
        110         8300
        111         7800
        112         7900
        113         7000
        114        11100
        115         3200
        116         3000
        117         2900
        118         2700
        119         2600
        120         8100
        121         8300
        122         8000
        123         6600
        124         5900
        125         3300
        126         2800
        127         2500
        128         2300
        129         3400
        130         2900
        131         2600
        132         2200
        133         3400
        134         3000
        135         2500
        136         2300
        137         3700
        138         3300
        139         2800
        140         2600
        141         3600
        142         3200
        143         2700
        144         2600
        145        14100
        146        13600
        147        12100
        148        11100
        149        10600
        150        10100
        151         9600
        152         9100
        153         8100
        154         7600
        155         7100
        156        10100
        157         9600
        158         9100
        159         8100
        160         7600
        161         7100
        162        10600
        163         9600
        164         7300
        165         6900
        166         6500
        167         6300
        168        11600
        169        10100
        170         9700
        171         7500
        172         7400
        173         6200
        174        11100
        175         8900
        176         8700
        177         8500
        178         7100
        179         6300
        180         3300
        181         3200
        182         2600
        183         2900
        184         4300
        185         4200
        186         3500
        187         3100
        188         3900
        189         3700
        190         3000
        191         2600
        192         4100
        193         4000
        194         3300
        195         2900
        196         3200
        197         3100

107 rows selected.


2.Show the employee ID and annual salary (calculated as monthly salary multiplied by 12).

SQL> SELECT EMPLOYEE_ID,SALARY*12 ANNUAL_SALARY FROM EMPLOYEES;

EMPLOYEE_ID ANNUAL_SALARY
----------- -------------
        198         31200
        199         31200
        200         52800
        201        156000
        202         72000
        203         78000
        204        120000
        205        144000
        206         99600
        100        288000
        101        204000
        102        204000
        103        108000
        104         72000
        105         57600
        106         57600
        107         50400
        108        144000
        109        108000
        110         98400
        111         92400
        112         93600
        113         82800
        114        132000
        115         37200
        116         34800
        117         33600
        118         31200
        119         30000
        120         96000
        121         98400
        122         94800
        123         78000
        124         69600
        125         38400
        126         32400
        127         28800
        128         26400
        129         39600
        130         33600
        131         30000
        132         25200
        133         39600
        134         34800
        135         28800
        136         26400
        137         43200
        138         38400
        139         32400
        140         30000
        141         42000
        142         37200
        143         31200
        144         30000
        145        168000
        146        162000
        147        144000
        148        132000
        149        126000
        150        120000
        151        114000
        152        108000
        153         96000
        154         90000
        155         84000
        156        120000
        157        114000
        158        108000
        159         96000
        160         90000
        161         84000
        162        126000
        163        114000
        164         86400
        165         81600
        166         76800
        167         74400
        168        138000
        169        120000
        170        115200
        171         88800
        172         87600
        173         73200
        174        132000
        175        105600
        176        103200
        177        100800
        178         84000
        179         74400
        180         38400
        181         37200
        182         30000
        183         33600
        184         50400
        185         49200
        186         40800
        187         36000
        188         45600
        189         43200
        190         34800
        191         30000
        192         48000
        193         46800
        194         38400
        195         33600
        196         37200
        197         36000

107 rows selected.


3.List the employee ID and salary after a 10% salary increase.

SQL> SELECT EMPLOYEE_ID,SALARY+SALARY*10/100 AS SALARY_INCREASE FROM EMPLOYEES;

EMPLOYEE_ID SALARY_INCREASE
----------- ---------------
        198            2860
        199            2860
        200            4840
        201           14300
        202            6600
        203            7150
        204           11000
        205           13200
        206            9130
        100           26400
        101           18700
        102           18700
        103            9900
        104            6600
        105            5280
        106            5280
        107            4620
        108           13200
        109            9900
        110            9020
        111            8470
        112            8580
        113            7590
        114           12100
        115            3410
        116            3190
        117            3080
        118            2860
        119            2750
        120            8800
        121            9020
        122            8690
        123            7150
        124            6380
        125            3520
        126            2970
        127            2640
        128            2420
        129            3630
        130            3080
        131            2750
        132            2310
        133            3630
        134            3190
        135            2640
        136            2420
        137            3960
        138            3520
        139            2970
        140            2750
        141            3850
        142            3410
        143            2860
        144            2750
        145           15400
        146           14850
        147           13200
        148           12100
        149           11550
        150           11000
        151           10450
        152            9900
        153            8800
        154            8250
        155            7700
        156           11000
        157           10450
        158            9900
        159            8800
        160            8250
        161            7700
        162           11550
        163           10450
        164            7920
        165            7480
        166            7040
        167            6820
        168           12650
        169           11000
        170           10560
        171            8140
        172            8030
        173            6710
        174           12100
        175            9680
        176            9460
        177            9240
        178            7700
        179            6820
        180            3520
        181            3410
        182            2750
        183            3080
        184            4620
        185            4510
        186            3740
        187            3300
        188            4180
        189            3960
        190            3190
        191            2750
        192            4400
        193            4290
        194            3520
        195            3080
        196            3410
        197            3300

107 rows selected.

4.Retrieve the employee ID and salary after deducting a 5% tax from the current salary.

SQL> SELECT EMPLOYEE_ID,SALARY-SALARY*5/100 AS SALARY_CUT FROM EMPLOYEES;

EMPLOYEE_ID SALARY_CUT
----------- ----------
        198       2470
        199       2470
        200       4180
        201      12350
        202       5700
        203       6175
        204       9500
        205      11400
        206       7885
        100      22800
        101      16150
        102      16150
        103       8550
        104       5700
        105       4560
        106       4560
        107       3990
        108      11400
        109       8550
        110       7790
        111       7315
        112       7410
        113       6555
        114      10450
        115       2945
        116       2755
        117       2660
        118       2470
        119       2375
        120       7600
        121       7790
        122       7505
        123       6175
        124       5510
        125       3040
        126       2565
        127       2280
        128       2090
        129       3135
        130       2660
        131       2375
        132       1995
        133       3135
        134       2755
        135       2280
        136       2090
        137       3420
        138       3040
        139       2565
        140       2375
        141       3325
        142       2945
        143       2470
        144       2375
        145      13300
        146      12825
        147      11400
        148      10450
        149       9975
        150       9500
        151       9025
        152       8550
        153       7600
        154       7125
        155       6650
        156       9500
        157       9025
        158       8550
        159       7600
        160       7125
        161       6650
        162       9975
        163       9025
        164       6840
        165       6460
        166       6080
        167       5890
        168      10925
        169       9500
        170       9120
        171       7030
        172       6935
        173       5795
        174      10450
        175       8360
        176       8170
        177       7980
        178       6650
        179       5890
        180       3040
        181       2945
        182       2375
        183       2660
        184       3990
        185       3895
        186       3230
        187       2850
        188       3610
        189       3420
        190       2755
        191       2375
        192       3800
        193       3705
        194       3040
        195       2660
        196       2945
        197       2850

107 rows selected.

5.Show the employee ID and salary reduced by 20% for a temporary salary cut.

SQL> SELECT EMPLOYEE_ID,SALARY-SALARY*20/100 AS SALARY_CUT FROM EMPLOYEES;

EMPLOYEE_ID SALARY_CUT
----------- ----------
        198       2080
        199       2080
        200       3520
        201      10400
        202       4800
        203       5200
        204       8000
        205       9600
        206       6640
        100      19200
        101      13600
        102      13600
        103       7200
        104       4800
        105       3840
        106       3840
        107       3360
        108       9600
        109       7200
        110       6560
        111       6160
        112       6240
        113       5520
        114       8800
        115       2480
        116       2320
        117       2240
        118       2080
        119       2000
        120       6400
        121       6560
        122       6320
        123       5200
        124       4640
        125       2560
        126       2160
        127       1920
        128       1760
        129       2640
        130       2240
        131       2000
        132       1680
        133       2640
        134       2320
        135       1920
        136       1760
        137       2880
        138       2560
        139       2160
        140       2000
        141       2800
        142       2480
        143       2080
        144       2000
        145      11200
        146      10800
        147       9600
        148       8800
        149       8400
        150       8000
        151       7600
        152       7200
        153       6400
        154       6000
        155       5600
        156       8000
        157       7600
        158       7200
        159       6400
        160       6000
        161       5600
        162       8400
        163       7600
        164       5760
        165       5440
        166       5120
        167       4960
        168       9200
        169       8000
        170       7680
        171       5920
        172       5840
        173       4880
        174       8800
        175       7040
        176       6880
        177       6720
        178       5600
        179       4960
        180       2560
        181       2480
        182       2000
        183       2240
        184       3360
        185       3280
        186       2720
        187       2400
        188       3040
        189       2880
        190       2320
        191       2000
        192       3200
        193       3120
        194       2560
        195       2240
        196       2480
        197       2400

107 rows selected.

6.Display the employee ID and a new salary, where the salary is multiplied by 1.15 for a 15% raise.

SQL> SELECT EMPLOYEE_ID,SALARY*1.15 AS NEW_SALARY FROM EMPLOYEES;

EMPLOYEE_ID NEW_SALARY
----------- ----------
        198       2990
        199       2990
        200       5060
        201      14950
        202       6900
        203       7475
        204      11500
        205      13800
        206       9545
        100      27600
        101      19550
        102      19550
        103      10350
        104       6900
        105       5520
        106       5520
        107       4830
        108      13800
        109      10350
        110       9430
        111       8855
        112       8970
        113       7935
        114      12650
        115       3565
        116       3335
        117       3220
        118       2990
        119       2875
        120       9200
        121       9430
        122       9085
        123       7475
        124       6670
        125       3680
        126       3105
        127       2760
        128       2530
        129       3795
        130       3220
        131       2875
        132       2415
        133       3795
        134       3335
        135       2760
        136       2530
        137       4140
        138       3680
        139       3105
        140       2875
        141       4025
        142       3565
        143       2990
        144       2875
        145      16100
        146      15525
        147      13800
        148      12650
        149      12075
        150      11500
        151      10925
        152      10350
        153       9200
        154       8625
        155       8050
        156      11500
        157      10925
        158      10350
        159       9200
        160       8625
        161       8050
        162      12075
        163      10925
        164       8280
        165       7820
        166       7360
        167       7130
        168      13225
        169      11500
        170      11040
        171       8510
        172       8395
        173       7015
        174      12650
        175      10120
        176       9890
        177       9660
        178       8050
        179       7130
        180       3680
        181       3565
        182       2875
        183       3220
        184       4830
        185       4715
        186       3910
        187       3450
        188       4370
        189       4140
        190       3335
        191       2875
        192       4600
        193       4485
        194       3680
        195       3220
        196       3565
        197       3450

107 rows selected.

7.Show the employee ID and the half-year salary (monthly salary multiplied by 6).

SQL> SELECT EMPLOYEE_ID,SALARY*6 AS HALF_YEAR_SALARY FROM EMPLOYEES;

EMPLOYEE_ID HALF_YEAR_SALARY
----------- ----------------
        198            15600
        199            15600
        200            26400
        201            78000
        202            36000
        203            39000
        204            60000
        205            72000
        206            49800
        100           144000
        101           102000
        102           102000
        103            54000
        104            36000
        105            28800
        106            28800
        107            25200
        108            72000
        109            54000
        110            49200
        111            46200
        112            46800
        113            41400
        114            66000
        115            18600
        116            17400
        117            16800
        118            15600
        119            15000
        120            48000
        121            49200
        122            47400
        123            39000
        124            34800
        125            19200
        126            16200
        127            14400
        128            13200
        129            19800
        130            16800
        131            15000
        132            12600
        133            19800
        134            17400
        135            14400
        136            13200
        137            21600
        138            19200
        139            16200
        140            15000
        141            21000
        142            18600
        143            15600
        144            15000
        145            84000
        146            81000
        147            72000
        148            66000
        149            63000
        150            60000
        151            57000
        152            54000
        153            48000
        154            45000
        155            42000
        156            60000
        157            57000
        158            54000
        159            48000
        160            45000
        161            42000
        162            63000
        163            57000
        164            43200
        165            40800
        166            38400
        167            37200
        168            69000
        169            60000
        170            57600
        171            44400
        172            43800
        173            36600
        174            66000
        175            52800
        176            51600
        177            50400
        178            42000
        179            37200
        180            19200
        181            18600
        182            15000
        183            16800
        184            25200
        185            24600
        186            20400
        187            18000
        188            22800
        189            21600
        190            17400
        191            15000
        192            24000
        193            23400
        194            19200
        195            16800
        196            18600
        197            18000

107 rows selected.

8.Display the employee ID and salary after dividing the current salary by 2 (for a part-time role).

SQL> SELECT EMPLOYEE_ID,SALARY/2 AS "PART-TIME SALARY" FROM EMPLOYEES;

EMPLOYEE_ID PART-TIME SALARY
----------- ----------------
        198             1300
        199             1300
        200             2200
        201             6500
        202             3000
        203             3250
        204             5000
        205             6000
        206             4150
        100            12000
        101             8500
        102             8500
        103             4500
        104             3000
        105             2400
        106             2400
        107             2100
        108             6000
        109             4500
        110             4100
        111             3850
        112             3900
        113             3450
        114             5500
        115             1550
        116             1450
        117             1400
        118             1300
        119             1250
        120             4000
        121             4100
        122             3950
        123             3250
        124             2900
        125             1600
        126             1350
        127             1200
        128             1100
        129             1650
        130             1400
        131             1250
        132             1050
        133             1650
        134             1450
        135             1200
        136             1100
        137             1800
        138             1600
        139             1350
        140             1250
        141             1750
        142             1550
        143             1300
        144             1250
        145             7000
        146             6750
        147             6000
        148             5500
        149             5250
        150             5000
        151             4750
        152             4500
        153             4000
        154             3750
        155             3500
        156             5000
        157             4750
        158             4500
        159             4000
        160             3750
        161             3500
        162             5250
        163             4750
        164             3600
        165             3400
        166             3200
        167             3100
        168             5750
        169             5000
        170             4800
        171             3700
        172             3650
        173             3050
        174             5500
        175             4400
        176             4300
        177             4200
        178             3500
        179             3100
        180             1600
        181             1550
        182             1250
        183             1400
        184             2100
        185             2050
        186             1700
        187             1500
        188             1900
        189             1800
        190             1450
        191             1250
        192             2000
        193             1950
        194             1600
        195             1400
        196             1550
        197             1500

107 rows selected.

9.Show the employee ID and the salary if the employees were paid 15% increase in salary

SQL> SELECT EMPLOYEE_ID,SALARY*1.15 AS NEW_SALARY FROM EMPLOYEES;

EMPLOYEE_ID NEW_SALARY
----------- ----------
        198       2990
        199       2990
        200       5060
        201      14950
        202       6900
        203       7475
        204      11500
        205      13800
        206       9545
        100      27600
        101      19550
        102      19550
        103      10350
        104       6900
        105       5520
        106       5520
        107       4830
        108      13800
        109      10350
        110       9430
        111       8855
        112       8970
        113       7935
        114      12650
        115       3565
        116       3335
        117       3220
        118       2990
        119       2875
        120       9200
        121       9430
        122       9085
        123       7475
        124       6670
        125       3680
        126       3105
        127       2760
        128       2530
        129       3795
        130       3220
        131       2875
        132       2415
        133       3795
        134       3335
        135       2760
        136       2530
        137       4140
        138       3680
        139       3105
        140       2875
        141       4025
        142       3565
        143       2990
        144       2875
        145      16100
        146      15525
        147      13800
        148      12650
        149      12075
        150      11500
        151      10925
        152      10350
        153       9200
        154       8625
        155       8050
        156      11500
        157      10925
        158      10350
        159       9200
        160       8625
        161       8050
        162      12075
        163      10925
        164       8280
        165       7820
        166       7360
        167       7130
        168      13225
        169      11500
        170      11040
        171       8510
        172       8395
        173       7015
        174      12650
        175      10120
        176       9890
        177       9660
        178       8050
        179       7130
        180       3680
        181       3565
        182       2875
        183       3220
        184       4830
        185       4715
        186       3910
        187       3450
        188       4370
        189       4140
        190       3335
        191       2875
        192       4600
        193       4485
        194       3680
        195       3220
        196       3565
        197       3450

107 rows selected.

10.List the employee ID and show their salary after increasing the 25% pay

SQL> SELECT EMPLOYEE_ID,SALARY*1.25 AS NEW_SALARY FROM EMPLOYEES;

EMPLOYEE_ID NEW_SALARY
----------- ----------
        198       3250
        199       3250
        200       5500
        201      16250
        202       7500
        203       8125
        204      12500
        205      15000
        206      10375
        100      30000
        101      21250
        102      21250
        103      11250
        104       7500
        105       6000
        106       6000
        107       5250
        108      15000
        109      11250
        110      10250
        111       9625
        112       9750
        113       8625
        114      13750
        115       3875
        116       3625
        117       3500
        118       3250
        119       3125
        120      10000
        121      10250
        122       9875
        123       8125
        124       7250
        125       4000
        126       3375
        127       3000
        128       2750
        129       4125
        130       3500
        131       3125
        132       2625
        133       4125
        134       3625
        135       3000
        136       2750
        137       4500
        138       4000
        139       3375
        140       3125
        141       4375
        142       3875
        143       3250
        144       3125
        145      17500
        146      16875
        147      15000
        148      13750
        149      13125
        150      12500
        151      11875
        152      11250
        153      10000
        154       9375
        155       8750
        156      12500
        157      11875
        158      11250
        159      10000
        160       9375
        161       8750
        162      13125
        163      11875
        164       9000
        165       8500
        166       8000
        167       7750
        168      14375
        169      12500
        170      12000
        171       9250
        172       9125
        173       7625
        174      13750
        175      11000
        176      10750
        177      10500
        178       8750
        179       7750
        180       4000
        181       3875
        182       3125
        183       3500
        184       5250
        185       5125
        186       4250
        187       3750
        188       4750
        189       4500
        190       3625
        191       3125
        192       5000
        193       4875
        194       4000
        195       3500
        196       3875
        197       3750

107 rows selected.

11.Retrieve the employee ID and calculate the new salary by subtracting a 500 deduction from their current salary.

SQL> SELECT EMPLOYEE_ID,SALARY-500 AS NEW_SALARY FROM EMPLOYEES;

EMPLOYEE_ID NEW_SALARY
----------- ----------
        198       2100
        199       2100
        200       3900
        201      12500
        202       5500
        203       6000
        204       9500
        205      11500
        206       7800
        100      23500
        101      16500
        102      16500
        103       8500
        104       5500
        105       4300
        106       4300
        107       3700
        108      11500
        109       8500
        110       7700
        111       7200
        112       7300
        113       6400
        114      10500
        115       2600
        116       2400
        117       2300
        118       2100
        119       2000
        120       7500
        121       7700
        122       7400
        123       6000
        124       5300
        125       2700
        126       2200
        127       1900
        128       1700
        129       2800
        130       2300
        131       2000
        132       1600
        133       2800
        134       2400
        135       1900
        136       1700
        137       3100
        138       2700
        139       2200
        140       2000
        141       3000
        142       2600
        143       2100
        144       2000
        145      13500
        146      13000
        147      11500
        148      10500
        149      10000
        150       9500
        151       9000
        152       8500
        153       7500
        154       7000
        155       6500
        156       9500
        157       9000
        158       8500
        159       7500
        160       7000
        161       6500
        162      10000
        163       9000
        164       6700
        165       6300
        166       5900
        167       5700
        168      11000
        169       9500
        170       9100
        171       6900
        172       6800
        173       5600
        174      10500
        175       8300
        176       8100
        177       7900
        178       6500
        179       5700
        180       2700
        181       2600
        182       2000
        183       2300
        184       3700
        185       3600
        186       2900
        187       2500
        188       3300
        189       3100
        190       2400
        191       2000
        192       3500
        193       3400
        194       2700
        195       2300
        196       2600
        197       2500

107 rows selected.

12.Display the employee ID and calculate the three-month salary

SQL> SELECT EMPLOYEE_ID,SALARY*3 AS THREE_MONTH_SALARY FROM EMPLOYEES;

EMPLOYEE_ID THREE_MONTH_SALARY
----------- ------------------
        198               7800
        199               7800
        200              13200
        201              39000
        202              18000
        203              19500
        204              30000
        205              36000
        206              24900
        100              72000
        101              51000
        102              51000
        103              27000
        104              18000
        105              14400
        106              14400
        107              12600
        108              36000
        109              27000
        110              24600
        111              23100
        112              23400
        113              20700
        114              33000
        115               9300
        116               8700
        117               8400
        118               7800
        119               7500
        120              24000
        121              24600
        122              23700
        123              19500
        124              17400
        125               9600
        126               8100
        127               7200
        128               6600
        129               9900
        130               8400
        131               7500
        132               6300
        133               9900
        134               8700
        135               7200
        136               6600
        137              10800
        138               9600
        139               8100
        140               7500
        141              10500
        142               9300
        143               7800
        144               7500
        145              42000
        146              40500
        147              36000
        148              33000
        149              31500
        150              30000
        151              28500
        152              27000
        153              24000
        154              22500
        155              21000
        156              30000
        157              28500
        158              27000
        159              24000
        160              22500
        161              21000
        162              31500
        163              28500
        164              21600
        165              20400
        166              19200
        167              18600
        168              34500
        169              30000
        170              28800
        171              22200
        172              21900
        173              18300
        174              33000
        175              26400
        176              25800
        177              25200
        178              21000
        179              18600
        180               9600
        181               9300
        182               7500
        183               8400
        184              12600
        185              12300
        186              10200
        187               9000
        188              11400
        189              10800
        190               8700
        191               7500
        192              12000
        193              11700
        194               9600
        195               8400
        196               9300
        197               9000

107 rows selected.

13.Show the employee ID and salary after a 30% reduction.

SQL> SELECT EMPLOYEE_ID,SALARY*0.70 AS NEW_SALARY FROM EMPLOYEES;

EMPLOYEE_ID NEW_SALARY
----------- ----------
        198       1820
        199       1820
        200       3080
        201       9100
        202       4200
        203       4550
        204       7000
        205       8400
        206       5810
        100      16800
        101      11900
        102      11900
        103       6300
        104       4200
        105       3360
        106       3360
        107       2940
        108       8400
        109       6300
        110       5740
        111       5390
        112       5460
        113       4830
        114       7700
        115       2170
        116       2030
        117       1960
        118       1820
        119       1750
        120       5600
        121       5740
        122       5530
        123       4550
        124       4060
        125       2240
        126       1890
        127       1680
        128       1540
        129       2310
        130       1960
        131       1750
        132       1470
        133       2310
        134       2030
        135       1680
        136       1540
        137       2520
        138       2240
        139       1890
        140       1750
        141       2450
        142       2170
        143       1820
        144       1750
        145       9800
        146       9450
        147       8400
        148       7700
        149       7350
        150       7000
        151       6650
        152       6300
        153       5600
        154       5250
        155       4900
        156       7000
        157       6650
        158       6300
        159       5600
        160       5250
        161       4900
        162       7350
        163       6650
        164       5040
        165       4760
        166       4480
        167       4340
        168       8050
        169       7000
        170       6720
        171       5180
        172       5110
        173       4270
        174       7700
        175       6160
        176       6020
        177       5880
        178       4900
        179       4340
        180       2240
        181       2170
        182       1750
        183       1960
        184       2940
        185       2870
        186       2380
        187       2100
        188       2660
        189       2520
        190       2030
        191       1750
        192       2800
        193       2730
        194       2240
        195       1960
        196       2170
        197       2100

107 rows selected.

14.Display the employee ID and calculate a salary adjustment by multiplying the current salary by 0.90 (for a 10% cut).

SQL> SELECT EMPLOYEE_ID,SALARY*0.90 AS NEW_SALARY FROM EMPLOYEES;

EMPLOYEE_ID NEW_SALARY
----------- ----------
        198       2340
        199       2340
        200       3960
        201      11700
        202       5400
        203       5850
        204       9000
        205      10800
        206       7470
        100      21600
        101      15300
        102      15300
        103       8100
        104       5400
        105       4320
        106       4320
        107       3780
        108      10800
        109       8100
        110       7380
        111       6930
        112       7020
        113       6210
        114       9900
        115       2790
        116       2610
        117       2520
        118       2340
        119       2250
        120       7200
        121       7380
        122       7110
        123       5850
        124       5220
        125       2880
        126       2430
        127       2160
        128       1980
        129       2970
        130       2520
        131       2250
        132       1890
        133       2970
        134       2610
        135       2160
        136       1980
        137       3240
        138       2880
        139       2430
        140       2250
        141       3150
        142       2790
        143       2340
        144       2250
        145      12600
        146      12150
        147      10800
        148       9900
        149       9450
        150       9000
        151       8550
        152       8100
        153       7200
        154       6750
        155       6300
        156       9000
        157       8550
        158       8100
        159       7200
        160       6750
        161       6300
        162       9450
        163       8550
        164       6480
        165       6120
        166       5760
        167       5580
        168      10350
        169       9000
        170       8640
        171       6660
        172       6570
        173       5490
        174       9900
        175       7920
        176       7740
        177       7560
        178       6300
        179       5580
        180       2880
        181       2790
        182       2250
        183       2520
        184       3780
        185       3690
        186       3060
        187       2700
        188       3420
        189       3240
        190       2610
        191       2250
        192       3600
        193       3510
        194       2880
        195       2520
        196       2790
        197       2700

107 rows selected.

15.List the employee ID and the difference between their current salary and 50,000.
SQL> ELECT EMPLOYEE_ID,SALARY-50000 AS DIFFERENCE FROM EMPLOYEES;

EMPLOYEE_ID DIFFERENCE
----------- ----------
        198     -47400
        199     -47400
        200     -45600
        201     -37000
        202     -44000
        203     -43500
        204     -40000
        205     -38000
        206     -41700
        100     -26000
        101     -33000
        102     -33000
        103     -41000
        104     -44000
        105     -45200
        106     -45200
        107     -45800
        108     -38000
        109     -41000
        110     -41800
        111     -42300
        112     -42200
        113     -43100
        114     -39000
        115     -46900
        116     -47100
        117     -47200
        118     -47400
        119     -47500
        120     -42000
        121     -41800
        122     -42100
        123     -43500
        124     -44200
        125     -46800
        126     -47300
        127     -47600
        128     -47800
        129     -46700
        130     -47200
        131     -47500
        132     -47900
        133     -46700
        134     -47100
        135     -47600
        136     -47800
        137     -46400
        138     -46800
        139     -47300
        140     -47500
        141     -46500
        142     -46900
        143     -47400
        144     -47500
        145     -36000
        146     -36500
        147     -38000
        148     -39000
        149     -39500
        150     -40000
        151     -40500
        152     -41000
        153     -42000
        154     -42500
        155     -43000
        156     -40000
        157     -40500
        158     -41000
        159     -42000
        160     -42500
        161     -43000
        162     -39500
        163     -40500
        164     -42800
        165     -43200
        166     -43600
        167     -43800
        168     -38500
        169     -40000
        170     -40400
        171     -42600
        172     -42700
        173     -43900
        174     -39000
        175     -41200
        176     -41400
        177     -41600
        178     -43000
        179     -43800
        180     -46800
        181     -46900
        182     -47500
        183     -47200
        184     -45800
        185     -45900
        186     -46600
        187     -47000
        188     -46200
        189     -46400
        190     -47100
        191     -47500
        192     -46000
        193     -46100
        194     -46800
        195     -47200
        196     -46900
        197     -47000

107 rows selected.

16.Show the employee ID and calculate the total salary over 18 months (salary multiplied by 18/12).
SQL> SELECT EMPLOYEE_ID,SALARY*18 AS EIGHTEEN_MONTH_SALARY FROM EMPLOYEES;

EMPLOYEE_ID EIGHTEEN_MONTH_SALARY
----------- ---------------------
        198                 46800
        199                 46800
        200                 79200
        201                234000
        202                108000
        203                117000
        204                180000
        205                216000
        206                149400
        100                432000
        101                306000
        102                306000
        103                162000
        104                108000
        105                 86400
        106                 86400
        107                 75600
        108                216000
        109                162000
        110                147600
        111                138600
        112                140400
        113                124200
        114                198000
        115                 55800
        116                 52200
        117                 50400
        118                 46800
        119                 45000
        120                144000
        121                147600
        122                142200
        123                117000
        124                104400
        125                 57600
        126                 48600
        127                 43200
        128                 39600
        129                 59400
        130                 50400
        131                 45000
        132                 37800
        133                 59400
        134                 52200
        135                 43200
        136                 39600
        137                 64800
        138                 57600
        139                 48600
        140                 45000
        141                 63000
        142                 55800
        143                 46800
        144                 45000
        145                252000
        146                243000
        147                216000
        148                198000
        149                189000
        150                180000
        151                171000
        152                162000
        153                144000
        154                135000
        155                126000
        156                180000
        157                171000
        158                162000
        159                144000
        160                135000
        161                126000
        162                189000
        163                171000
        164                129600
        165                122400
        166                115200
        167                111600
        168                207000
        169                180000
        170                172800
        171                133200
        172                131400
        173                109800
        174                198000
        175                158400
        176                154800
        177                151200
        178                126000
        179                111600
        180                 57600
        181                 55800
        182                 45000
        183                 50400
        184                 75600
        185                 73800
        186                 61200
        187                 54000
        188                 68400
        189                 64800
        190                 52200
        191                 45000
        192                 72000
        193                 70200
        194                 57600
        195                 50400
        196                 55800
        197                 54000

107 rows selected.

17.Display the employee ID and the result of dividing their salary by 12 to get the monthly salary.

SQL> SELECT EMPLOYEE_ID,SALARY*12/12 AS MONTH_SALARY FROM EMPLOYEES;

EMPLOYEE_ID MONTH_SALARY
----------- ------------
        198         2600
        199         2600
        200         4400
        201        13000
        202         6000
        203         6500
        204        10000
        205        12000
        206         8300
        100        24000
        101        17000
        102        17000
        103         9000
        104         6000
        105         4800
        106         4800
        107         4200
        108        12000
        109         9000
        110         8200
        111         7700
        112         7800
        113         6900
        114        11000
        115         3100
        116         2900
        117         2800
        118         2600
        119         2500
        120         8000
        121         8200
        122         7900
        123         6500
        124         5800
        125         3200
        126         2700
        127         2400
        128         2200
        129         3300
        130         2800
        131         2500
        132         2100
        133         3300
        134         2900
        135         2400
        136         2200
        137         3600
        138         3200
        139         2700
        140         2500
        141         3500
        142         3100
        143         2600
        144         2500
        145        14000
        146        13500
        147        12000
        148        11000
        149        10500
        150        10000
        151         9500
        152         9000
        153         8000
        154         7500
        155         7000
        156        10000
        157         9500
        158         9000
        159         8000
        160         7500
        161         7000
        162        10500
        163         9500
        164         7200
        165         6800
        166         6400
        167         6200
        168        11500
        169        10000
        170         9600
        171         7400
        172         7300
        173         6100
        174        11000
        175         8800
        176         8600
        177         8400
        178         7000
        179         6200
        180         3200
        181         3100
        182         2500
        183         2800
        184         4200
        185         4100
        186         3400
        187         3000
        188         3800
        189         3600
        190         2900
        191         2500
        192         4000
        193         3900
        194         3200
        195         2800
        196         3100
        197         3000

107 rows selected.

SQL> SELECT EMPLOYEE_ID,SALARY/12 AS MONTH_SALARY FROM EMPLOYEES;

EMPLOYEE_ID MONTH_SALARY
----------- ------------
        198   216.666667
        199   216.666667
        200   366.666667
        201   1083.33333
        202          500
        203   541.666667
        204   833.333333
        205         1000
        206   691.666667
        100         2000
        101   1416.66667
        102   1416.66667
        103          750
        104          500
        105          400
        106          400
        107          350
        108         1000
        109          750
        110   683.333333
        111   641.666667
        112          650
        113          575
        114   916.666667
        115   258.333333
        116   241.666667
        117   233.333333
        118   216.666667
        119   208.333333
        120   666.666667
        121   683.333333
        122   658.333333
        123   541.666667
        124   483.333333
        125   266.666667
        126          225
        127          200
        128   183.333333
        129          275
        130   233.333333
        131   208.333333
        132          175
        133          275
        134   241.666667
        135          200
        136   183.333333
        137          300
        138   266.666667
        139          225
        140   208.333333
        141   291.666667
        142   258.333333
        143   216.666667
        144   208.333333
        145   1166.66667
        146         1125
        147         1000
        148   916.666667
        149          875
        150   833.333333
        151   791.666667
        152          750
        153   666.666667
        154          625
        155   583.333333
        156   833.333333
        157   791.666667
        158          750
        159   666.666667
        160          625
        161   583.333333
        162          875
        163   791.666667
        164          600
        165   566.666667
        166   533.333333
        167   516.666667
        168   958.333333
        169   833.333333
        170          800
        171   616.666667
        172   608.333333
        173   508.333333
        174   916.666667
        175   733.333333
        176   716.666667
        177          700
        178   583.333333
        179   516.666667
        180   266.666667
        181   258.333333
        182   208.333333
        183   233.333333
        184          350
        185   341.666667
        186   283.333333
        187          250
        188   316.666667
        189          300
        190   241.666667
        191   208.333333
        192   333.333333
        193          325
        194   266.666667
        195   233.333333
        196   258.333333
        197          250

107 rows selected.

18.Show the employee ID and calculate the salary after adding a 2500 bonus and subtracting a 500 deduction.

SQL> SELECT EMPLOYEE_ID,SALARY+2500-500 AS NEW_SALARY FROM EMPLOYEES;

EMPLOYEE_ID NEW_SALARY
----------- ----------
        198       4600
        199       4600
        200       6400
        201      15000
        202       8000
        203       8500
        204      12000
        205      14000
        206      10300
        100      26000
        101      19000
        102      19000
        103      11000
        104       8000
        105       6800
        106       6800
        107       6200
        108      14000
        109      11000
        110      10200
        111       9700
        112       9800
        113       8900
        114      13000
        115       5100
        116       4900
        117       4800
        118       4600
        119       4500
        120      10000
        121      10200
        122       9900
        123       8500
        124       7800
        125       5200
        126       4700
        127       4400
        128       4200
        129       5300
        130       4800
        131       4500
        132       4100
        133       5300
        134       4900
        135       4400
        136       4200
        137       5600
        138       5200
        139       4700
        140       4500
        141       5500
        142       5100
        143       4600
        144       4500
        145      16000
        146      15500
        147      14000
        148      13000
        149      12500
        150      12000
        151      11500
        152      11000
        153      10000
        154       9500
        155       9000
        156      12000
        157      11500
        158      11000
        159      10000
        160       9500
        161       9000
        162      12500
        163      11500
        164       9200
        165       8800
        166       8400
        167       8200
        168      13500
        169      12000
        170      11600
        171       9400
        172       9300
        173       8100
        174      13000
        175      10800
        176      10600
        177      10400
        178       9000
        179       8200
        180       5200
        181       5100
        182       4500
        183       4800
        184       6200
        185       6100
        186       5400
        187       5000
        188       5800
        189       5600
        190       4900
        191       4500
        192       6000
        193       5900
        194       5200
        195       4800
        196       5100
        197       5000

107 rows selected.

19.List the employee ID and calculate their salary after multiplying by 1.1 and then subtracting 200.
SQL> SELECT EMPLOYEE_ID,(SALARY*1.1)-200 AS NEW_SALARY FROM EMPLOYEES;

EMPLOYEE_ID NEW_SALARY
----------- ----------
        198       2660
        199       2660
        200       4640
        201      14100
        202       6400
        203       6950
        204      10800
        205      13000
        206       8930
        100      26200
        101      18500
        102      18500
        103       9700
        104       6400
        105       5080
        106       5080
        107       4420
        108      13000
        109       9700
        110       8820
        111       8270
        112       8380
        113       7390
        114      11900
        115       3210
        116       2990
        117       2880
        118       2660
        119       2550
        120       8600
        121       8820
        122       8490
        123       6950
        124       6180
        125       3320
        126       2770
        127       2440
        128       2220
        129       3430
        130       2880
        131       2550
        132       2110
        133       3430
        134       2990
        135       2440
        136       2220
        137       3760
        138       3320
        139       2770
        140       2550
        141       3650
        142       3210
        143       2660
        144       2550
        145      15200
        146      14650
        147      13000
        148      11900
        149      11350
        150      10800
        151      10250
        152       9700
        153       8600
        154       8050
        155       7500
        156      10800
        157      10250
        158       9700
        159       8600
        160       8050
        161       7500
        162      11350
        163      10250
        164       7720
        165       7280
        166       6840
        167       6620
        168      12450
        169      10800
        170      10360
        171       7940
        172       7830
        173       6510
        174      11900
        175       9480
        176       9260
        177       9040
        178       7500
        179       6620
        180       3320
        181       3210
        182       2550
        183       2880
        184       4420
        185       4310
        186       3540
        187       3100
        188       3980
        189       3760
        190       2990
        191       2550
        192       4200
        193       4090
        194       3320
        195       2880
        196       3210
        197       3100

107 rows selected.

20.Display the employee ID and show the salary divided by 52 to get the weekly salary.

SQL> SELECT EMPLOYEE_ID,SALARY/52 AS WEEKLY_SALARY FROM EMPLOYEES;

EMPLOYEE_ID WEEKLY_SALARY
----------- -------------
        198            50
        199            50
        200    84.6153846
        201           250
        202    115.384615
        203           125
        204    192.307692
        205    230.769231
        206    159.615385
        100    461.538462
        101    326.923077
        102    326.923077
        103    173.076923
        104    115.384615
        105    92.3076923
        106    92.3076923
        107    80.7692308
        108    230.769231
        109    173.076923
        110    157.692308
        111    148.076923
        112           150
        113    132.692308
        114    211.538462
        115    59.6153846
        116    55.7692308
        117    53.8461538
        118            50
        119    48.0769231
        120    153.846154
        121    157.692308
        122    151.923077
        123           125
        124    111.538462
        125    61.5384615
        126    51.9230769
        127    46.1538462
        128    42.3076923
        129    63.4615385
        130    53.8461538
        131    48.0769231
        132    40.3846154
        133    63.4615385
        134    55.7692308
        135    46.1538462
        136    42.3076923
        137    69.2307692
        138    61.5384615
        139    51.9230769
        140    48.0769231
        141    67.3076923
        142    59.6153846
        143            50
        144    48.0769231
        145    269.230769
        146    259.615385
        147    230.769231
        148    211.538462
        149    201.923077
        150    192.307692
        151    182.692308
        152    173.076923
        153    153.846154
        154    144.230769
        155    134.615385
        156    192.307692
        157    182.692308
        158    173.076923
        159    153.846154
        160    144.230769
        161    134.615385
        162    201.923077
        163    182.692308
        164    138.461538
        165    130.769231
        166    123.076923
        167    119.230769
        168    221.153846
        169    192.307692
        170    184.615385
        171    142.307692
        172    140.384615
        173    117.307692
        174    211.538462
        175    169.230769
        176    165.384615
        177    161.538462
        178    134.615385
        179    119.230769
        180    61.5384615
        181    59.6153846
        182    48.0769231
        183    53.8461538
        184    80.7692308
        185    78.8461538
        186    65.3846154
        187    57.6923077
        188    73.0769231
        189    69.2307692
        190    55.7692308
        191    48.0769231
        192    76.9230769
        193            75
        194    61.5384615
        195    53.8461538
        196    59.6153846
        197    57.6923077

107 rows selected.

21.Show the employee ID and the amount after subtracting 2000 from their current salary.

SQL> SELECT EMPLOYEE_ID,SALARY-2000 AS NEW_SALARY FROM EMPLOYEES;

EMPLOYEE_ID NEW_SALARY
----------- ----------
        198        600
        199        600
        200       2400
        201      11000
        202       4000
        203       4500
        204       8000
        205      10000
        206       6300
        100      22000
        101      15000
        102      15000
        103       7000
        104       4000
        105       2800
        106       2800
        107       2200
        108      10000
        109       7000
        110       6200
        111       5700
        112       5800
        113       4900
        114       9000
        115       1100
        116        900
        117        800
        118        600
        119        500
        120       6000
        121       6200
        122       5900
        123       4500
        124       3800
        125       1200
        126        700
        127        400
        128        200
        129       1300
        130        800
        131        500
        132        100
        133       1300
        134        900
        135        400
        136        200
        137       1600
        138       1200
        139        700
        140        500
        141       1500
        142       1100
        143        600
        144        500
        145      12000
        146      11500
        147      10000
        148       9000
        149       8500
        150       8000
        151       7500
        152       7000
        153       6000
        154       5500
        155       5000
        156       8000
        157       7500
        158       7000
        159       6000
        160       5500
        161       5000
        162       8500
        163       7500
        164       5200
        165       4800
        166       4400
        167       4200
        168       9500
        169       8000
        170       7600
        171       5400
        172       5300
        173       4100
        174       9000
        175       6800
        176       6600
        177       6400
        178       5000
        179       4200
        180       1200
        181       1100
        182        500
        183        800
        184       2200
        185       2100
        186       1400
        187       1000
        188       1800
        189       1600
        190        900
        191        500
        192       2000
        193       1900
        194       1200
        195        800
        196       1100
        197       1000

107 rows selected.

22.List the employee ID and calculate the salary if their current salary were multiplied by 1.05, then divided by 2.
SQL> SELECT EMPLOYEE_ID,(SALARY*1.05)/2 AS NEW_SALARY FROM EMPLOYEES;

EMPLOYEE_ID NEW_SALARY
----------- ----------
        198       1365
        199       1365
        200       2310
        201       6825
        202       3150
        203     3412.5
        204       5250
        205       6300
        206     4357.5
        100      12600
        101       8925
        102       8925
        103       4725
        104       3150
        105       2520
        106       2520
        107       2205
        108       6300
        109       4725
        110       4305
        111     4042.5
        112       4095
        113     3622.5
        114       5775
        115     1627.5
        116     1522.5
        117       1470
        118       1365
        119     1312.5
        120       4200
        121       4305
        122     4147.5
        123     3412.5
        124       3045
        125       1680
        126     1417.5
        127       1260
        128       1155
        129     1732.5
        130       1470
        131     1312.5
        132     1102.5
        133     1732.5
        134     1522.5
        135       1260
        136       1155
        137       1890
        138       1680
        139     1417.5
        140     1312.5
        141     1837.5
        142     1627.5
        143       1365
        144     1312.5
        145       7350
        146     7087.5
        147       6300
        148       5775
        149     5512.5
        150       5250
        151     4987.5
        152       4725
        153       4200
        154     3937.5
        155       3675
        156       5250
        157     4987.5
        158       4725
        159       4200
        160     3937.5
        161       3675
        162     5512.5
        163     4987.5
        164       3780
        165       3570
        166       3360
        167       3255
        168     6037.5
        169       5250
        170       5040
        171       3885
        172     3832.5
        173     3202.5
        174       5775
        175       4620
        176       4515
        177       4410
        178       3675
        179       3255
        180       1680
        181     1627.5
        182     1312.5
        183       1470
        184       2205
        185     2152.5
        186       1785
        187       1575
        188       1995
        189       1890
        190     1522.5
        191     1312.5
        192       2100
        193     2047.5
        194       1680
        195       1470
        196     1627.5
        197       1575

107 rows selected.

23.Display the employee ID and the salary doubled.
SQL> SELECT EMPLOYEE_ID,SALARY*2 AS DOUBLED_SALARY FROM EMPLOYEES;

EMPLOYEE_ID DOUBLED_SALARY
----------- --------------
        198           5200
        199           5200
        200           8800
        201          26000
        202          12000
        203          13000
        204          20000
        205          24000
        206          16600
        100          48000
        101          34000
        102          34000
        103          18000
        104          12000
        105           9600
        106           9600
        107           8400
        108          24000
        109          18000
        110          16400
        111          15400
        112          15600
        113          13800
        114          22000
        115           6200
        116           5800
        117           5600
        118           5200
        119           5000
        120          16000
        121          16400
        122          15800
        123          13000
        124          11600
        125           6400
        126           5400
        127           4800
        128           4400
        129           6600
        130           5600
        131           5000
        132           4200
        133           6600
        134           5800
        135           4800
        136           4400
        137           7200
        138           6400
        139           5400
        140           5000
        141           7000
        142           6200
        143           5200
        144           5000
        145          28000
        146          27000
        147          24000
        148          22000
        149          21000
        150          20000
        151          19000
        152          18000
        153          16000
        154          15000
        155          14000
        156          20000
        157          19000
        158          18000
        159          16000
        160          15000
        161          14000
        162          21000
        163          19000
        164          14400
        165          13600
        166          12800
        167          12400
        168          23000
        169          20000
        170          19200
        171          14800
        172          14600
        173          12200
        174          22000
        175          17600
        176          17200
        177          16800
        178          14000
        179          12400
        180           6400
        181           6200
        182           5000
        183           5600
        184           8400
        185           8200
        186           6800
        187           6000
        188           7600
        189           7200
        190           5800
        191           5000
        192           8000
        193           7800
        194           6400
        195           5600
        196           6200
        197           6000

107 rows selected.

24.List the employee ID and calculate the quarterly salary (monthly salary multiplied by 3).
QL> SELECT EMPLOYEE_ID,SALARY*3 AS QUARTERLY_SALARY FROM EMPLOYEES;

EMPLOYEE_ID QUARTERLY_SALARY
----------- ----------------
        198             7800
        199             7800
        200            13200
        201            39000
        202            18000
        203            19500
        204            30000
        205            36000
        206            24900
        100            72000
        101            51000
        102            51000
        103            27000
        104            18000
        105            14400
        106            14400
        107            12600
        108            36000
        109            27000
        110            24600
        111            23100
        112            23400
        113            20700
        114            33000
        115             9300
        116             8700
        117             8400
        118             7800
        119             7500
        120            24000
        121            24600
        122            23700
        123            19500
        124            17400
        125             9600
        126             8100
        127             7200
        128             6600
        129             9900
        130             8400
        131             7500
        132             6300
        133             9900
        134             8700
        135             7200
        136             6600
        137            10800
        138             9600
        139             8100
        140             7500
        141            10500
        142             9300
        143             7800
        144             7500
        145            42000
        146            40500
        147            36000
        148            33000
        149            31500
        150            30000
        151            28500
        152            27000
        153            24000
        154            22500
        155            21000
        156            30000
        157            28500
        158            27000
        159            24000
        160            22500
        161            21000
        162            31500
        163            28500
        164            21600
        165            20400
        166            19200
        167            18600
        168            34500
        169            30000
        170            28800
        171            22200
        172            21900
        173            18300
        174            33000
        175            26400
        176            25800
        177            25200
        178            21000
        179            18600
        180             9600
        181             9300
        182             7500
        183             8400
        184            12600
        185            12300
        186            10200
        187             9000
        188            11400
        189            10800
        190             8700
        191             7500
        192            12000
        193            11700
        194             9600
        195             8400
        196             9300
        197             9000

107 rows selected.

25.Retrieve the employee ID and the salary after subtracting 5000 and then applying a 15% increase.
SQL> SELECT EMPLOYEE_ID,(SALARY-5000)*1.15 FROM EMPLOYEES;
EMPLOYEE_ID NEW_SALARY
----------- ----------
        198      -2760
        199      -2760
        200       -690
        201       9200
        202       1150
        203       1725
        204       5750
        205       8050
        206       3795
        100      21850
        101      13800
        102      13800
        103       4600
        104       1150
        105       -230
        106       -230
        107       -920
        108       8050
        109       4600
        110       3680
        111       3105
        112       3220
        113       2185
        114       6900
        115      -2185
        116      -2415
        117      -2530
        118      -2760
        119      -2875
        120       3450
        121       3680
        122       3335
        123       1725
        124        920
        125      -2070
        126      -2645
        127      -2990
        128      -3220
        129      -1955
        130      -2530
        131      -2875
        132      -3335
        133      -1955
        134      -2415
        135      -2990
        136      -3220
        137      -1610
        138      -2070
        139      -2645
        140      -2875
        141      -1725
        142      -2185
        143      -2760
        144      -2875
        145      10350
        146       9775
        147       8050
        148       6900
        149       6325
        150       5750
        151       5175
        152       4600
        153       3450
        154       2875
        155       2300
        156       5750
        157       5175
        158       4600
        159       3450
        160       2875
        161       2300
        162       6325
        163       5175
        164       2530
        165       2070
        166       1610
        167       1380
        168       7475
        169       5750
        170       5290
        171       2760
        172       2645
        173       1265
        174       6900
        175       4370
        176       4140
        177       3910
        178       2300
        179       1380
        180      -2070
        181      -2185
        182      -2875
        183      -2530
        184       -920
        185      -1035
        186      -1840
        187      -2300
        188      -1380
        189      -1610
        190      -2415
        191      -2875
        192      -1150
        193      -1265
        194      -2070
        195      -2530
        196      -2185
        197      -2300

107 rows selected.





































































































































































































































































































































































































































